submission_pk,User,AVG,Valid
8038,lukasz,0.8406 (1),0.6654 (1),
8039,lukasz,0.8406 (1),0.6654 (1),
8040,lukasz,0.8406 (1),0.6654 (1),
8047,lukasz,0.9406 (1),0.6654 (1),
8050,lukasz,0.8406 (1),0.6654 (1),
8051,lukasz,0.8206 (1),0.6654 (1),
8052,lukasz,0.8406 (1),0.6654 (1),
8053,lukasz,0.8406 (1),0.6654 (1),
8055,lukasz.romaszko@gmail.com,0.8406 (1),0.6654 (1),
8056,lukasz,0.8406 (1),0.6654 (1),
8057,lukasz,0.8406 (1),0.6654 (1),
8059,lukasz,0.8406 (1),0.6654 (1),
8060,lukasz,0.8406 (1),0.6654 (1),
8061,lukasz,0.8406 (1),0.6654 (1),
8062,lukasz,0.8406 (1),0.6654 (1),